3335
386
492
1649
1421
2362
27
3690
59
2763
3926
540
3426
4172
736
211
368
2567
1429
782
1530
2862
123
4067
3135
3929
4802
4022
3058
3069
3167
1393
3456
11
3042
1229
2373
4421
4919
3784
3537
198
4324
3315
4370
1413
3526
1091
3980
4956
1873
1862
4170
1996
2281
2305
925
2084
1327
336
1505
846
1729
1313
857
1124
3895
4582
545
3814
3367
434
364
4043
3750
1087
1808
2276
2178
788
3584
403
2651
2754
2399
4932
60
4676
3368
2739
12
1226
3586
3094
2539
795
570
1434
378
2467
1601
97
2902
3317
492
1652
756
2301
280
4286
4441
3865
4689
3444
1619
3440
4729
3031
3117
3097
771
4481
675
709
3927
4567
2856
4497
2353
4586
1965
306
4683
1219
3624
1528
2871
732
3829
4503
19
3270
3368
4708
1715
1340
3149
2796
723
2618
2245
2846
3451
2921
3555
2379
2488
2764
3228
4841
2350
193
1500
2034
2764
124
4914
1987
856
3743
1491
2227
3365
4859
1936
1432
2551
1437
4228
3275
407
1474
1121
3858
4395
1029
1237
3235
3793
818
4428
1143
1011
928
4529
3776
2404
4443
763
4613
4538
3606
1840
2904
4818
128
688
2369
2917
4917
1996
3324
2743
4470
2183
3490
499
4772
1725
644
590
2505
3139
2954
4786
2669
3082
3542
3464
197
4507
4355
3804
1348
3611
3622
2828
4299
2343
746
568
4340
422
3311
3810
2605
1801
661
3730
4878
1305
4320
3736
4444
3626
3522
3465
1708
3416
3282
3258
2924
2637
2062
624
2600
2036
3452
1899
4379
550
2468
71
973
2131
3881
4930
3933
894
3660
163
2199
2981
3899
2996
2959
3773
2813
4668
2190
1095
2926
1466
84
1340
2090
2684
3376
542
936
4107
2445
4756
4179
3418
1887
4412
3348
2172
1659
2009
2336
210
1342
2587
3206
4301
2713
2372
321
1255
4819
4599
2721
4904
939
4811
3940
667
1705
1228
1127
4150
984
1658
3920
4224
2422
2269
1396
4081
630
84
4292
1972
2672
3850
2625
385
1222
4299
1640
1042
3898
713
2298
1190
524
2590
3209
3581
3819
4336
2732
1155
994
3004
379
4769
273
1776
3850
2255
1860
3142
579
884
1993
3205
2621
4567
2504
613
1961
2754
1326
4259
3944
3202
3202
3506
1784
2021
2842
868
4528
189
3872
4908
4958
498
3036
3808
2753
1248
3303
3333
2133
1648
2890
4754
2567
1746
368
4529
4500
3046
3788
4797
1249
1990
3303
3033
363
2497
253
4892
2686
4125
1152
3996
975
4188
4157
3729
436
2460
3414
3921
460
1304
28
3027
3050
1748
2556
3902
4794
2697
3699
1043
1039
2002
428
1403
4500
681
2647
3538
1159
151
2535
2134
4339
1692
2215
1127
504
629
49
964
3285
1429
343
1335
3177
2900
238
2971
1949
289
367
2988
2292
795
743
3144
2829
3390
1682
340
3541
569
3826
4232
2261
1042
360
4117
3023
1761
81
1309
3190
425
3996
1367
4677
4234
690
1626
4524
1057
4614
3168
3205
358
1312
2386
100
4346
2726
4994
4916
1552
578
3529
3946
2290
2647
1970
4051
4080
4631
3593
857
3627
1312
1886
4214
3355
3512
90
4412
4479
4610
3969
1189
2274
1355
2641
1620
433
3987
2888
3338
4566
2770
2284
1856
417
606
2260
849
237
2205
3059
217
3518
4945
783
1873
3458
873
2637
4289
483
1607
478
2757
4314
4471
729
1100
3459
3618
4438
3025
1388
3074
1233
3157
3681
3493
358
270
699
3417
1839
569
3363
2622
3794
3173
4847
1431
2462
1682
4390
4292
791
57
115
1521
1157
3574
1491
1947
2951
4231
21
537
3740
54
4030
4098
325
1081
2516
3516
3002
2231
1139
1796
404
2338
4580
4218
4021
3970
4862
4812
379
4977
2685
1536
4904
4176
3483
4207
4759
4857
4744
3499
4911
127
3950
236
2560
2818
105
563
49
1244
3711
1805
4934
3291
2375
3955
3614
3589
3768
3993
4918
2805
1882
4822
1982
1717
4030
3093
1574
126
1593
1486
253
543
3074
2814
4713
3179
3377
4762
775
2088
2919
710
1732
294
1017
346
235
1137
691
153
3943
2573
1328
925
4291
1710
4018
2217
1836
1963
55
2090
3858
3130
4904
3571
2661
4633
4685
4789
3073
2604
1851
4805
4250
2868
1503
4485
4006
2195
4639
2949
1120
967
226
1763
2677
596
3981
865
2560
4036
2955
2770
3518
4211
1342
2532
196
2379
2321
3270
4984
4172
4427
4234
2040
2283
72
2398
830
1063
347
1950
2030
573
3714
1059
2522
4047
1924
82
4435
1232
4204
2954
443
1898
486
640
4278
4159
262
4262
4683
1041
4848
1723
3324
1272
4122
4154
2335
821
2457
4365
2747
1171
1776
269
218
3701
1703
4653
4933
907
3959
1728
2806
797
3720
2084
1308
334
2698
991
1376
3898
2715
1052
171
3189
1559
2506
4010
4016
3224
3109
1539
10
3378
3109
53
81
4114
1338
989
4426
3067
147
223
1787
2231
1532
2122
1281
3875
4850
179
1590
2254
350
1131
3813
2857
1494
4181
1081
4603
720
2433
2982
181
2487
4415
4296
3825
404
3722
1892
551
297
32
4134
3181
3506
415
2057
4708
-1
4999
1962
2297
2483
776
154
3977
1309
2587
4932
3382
21
4266
3563
3860
3682
4211
2685
4086
4285
930
990
4583
2314
1476
4116
820
1892
2525
528
3839
2525
2490
1136
1360
4618
2643
337
928
1582
1621
4310
2955
888
4225
1815
4570
3437
853
8
2722
1783
2350
3657
4097
3827
4126
1269
2071
1651
3149
910
528
639
3398
1888
1610
2393
3577
3890
3976
199
4552
1931
1087
3777
99
657
3566
952
2017
2641
2735
4368
1298
3184
3195
1776
805
266
3428
3954
2528
308
4593
2278
2197
2555
4672
774
1445
10
2325
997
3283
3412
1127
3382
421
4693
4334
2439
2334
3421
3159
4985
2957
1354
1761
3762
2972
1541
2716
1852
1850
3662
482
399
1217
154
1173
4015
1506
4851
1364
4790
3263
2491
3172
37
3537
3859
3828
871
2280
1987
856
1590
3341
3970
352
2665
511
3069
4517
2361
3083
1351
4112
4300
1506
1638
4667
4364
1489
1032
4154
1104
4875
3679
1141
3412
2538
4969
636
1170
1956
2844
2760
1649
1814
4465
4314
2326
3886
183
1039
1969
1535
152
2621
4393
1790
2289
109
4631
4673
4264
735
4548
4295
1877
4313
1833
3198
4949
4355
155
2793
3468
3156
960
2933
3823
3286
3171
358
677
140
3245
2181
2761
3990
323
50
4100
4954
1075
3364
2042
624
2659
3919
1289
844
3469
1238
1551
4976
383
19
3133
1343
4304
1956
981
2475
3666
3011
3967
1912
192
1729
902
1868
3131
2
3174
4207
4718
216
1183
2377
487
2472
4573
3957
62
1125
3933
1797
2496
3418
3141
3153
1726
474
1980
393
3485
948
2305
30
4029
4559
1898
2160
4562
1424
2719
4280
1641
3902
3010
3480
2726
2583
3789
4140
3708
2723
938
2557
2493
431
710
4220
905
2690
4613
4391
3638
3270
4421
2667
2829
2671
1180
3743
4095
3899
3024
2088
4154
2386
569
3232
4969
710
2373
30
3433
4663
2587
2279
94
4649
1499
2351
2339
2464
1742
2330
2086
2515
1349
4915
186
3881
11
634
4133
4387
2722
3287
1773
4643
1519
1742
354
244
3124
139
1259
2063
2418
1353
1712
269
3705
404
2733
1799
2734
4819
4315
435
1087
853
669
2450
1487
4802
1837
562
3089
3610
205
960
1704
1911
2557
4829
3403
3816
1892
821
1522
3605
2443
1579
361
1528
3378
4447
2700
4045
4882
3787
4899
551
2589
1386
353
4426
1948
4794
3036
3506
2107
1092
417
4664
921
3820
3480
4166
994
1354
4123
3437
2933
4484
1317
1312
3931
4017
1709
165
4156
1608
2069
1745
2995
2422
1171
1295
3569
559
4801
676
1652
1571
340
3925
1743
172
3091
4089
1527
3566
3878
812
3050
196
2124
3333
4213
186
3499
3370
1794
568
115
1141
4342
2639
2437
4263
3198
3590
4939
1202
1513
1631
128
3257
1804
4571
2346
4683
3138
1225
495
2540
1421
3972
2226
634
4158
725
356
952
2645
472
3446
3339
3111
883
2603
2661
825
2542
216
2339
4174
344
596
2330
1267
4294
2013
757
519
3860
4650
3292
2832
1876
279
1990
3953
635
4295
1598
1107
2741
4937
570
4976
2540
4584
801
83
4800
4492
609
1496
1440
2939
2763
735
1304
4873
2606
164
4523
2251
4349
2751
2530
1339
1704
3165
1986
3302
625
1079
4591
2547
2407
3484
2131
4561
4919
1931
4053
528
3427
494
4819
2543
2581
1123
3768
187
2639
4643
2438
1988
2394
1320
4680
4098
4486
3018
3752
1463
4098
4695
4010
1505
3179
1142
1066
3098
4425
1472
4978
2853
1966
4797
1748
4547
2272
516
1086
4912
159
4877
1900
2553
1197
2932
3003
2035
951
3107
3498
49
4154
3861
2906
2334
3
325
1784
4428
1797
1763
3633
115
1560
381
1014
185
897
2100
97
2408
3329
3349
1313
879
2634
4316
2914
3585
3775
2765
4986
2930
1626
2892
1616
1629
4569
4752
2409
1366
1515
2395
2833
4428
2776
3847
4613
26
2300
1062
3786
629
763
100
1508
3397
4416
775
1982
4544
3540
3320
3826
1518
2565
1794
4499
2134
1546
1908
4853
3062
4303
2686
3842
3432
1534
4807
4810
3834
869
3596
815
2984
3696
2324
1382
4465
4451
4716
361
4343
3037
4187
861
602
981
360
4088
3879
3620
3941
3293
2924
1628
2135
2708
3162
1942
3870
1996
4163
2466
2811
3500
2515
1487
1234
3332
2290
950
3693
1633
339
2880
2494
2293
213
2854
1382
444
1475
323
3738
751
1951
873
4811
1465
4168
3681
4813
4683
2499
3977
4535
14
464
769
3346
4107
3072
3391
740
3411
2623
4587
2057
2836
3793
3439
3281
1620
114
3371
2371
3418
596
3534
4883
4764
3567
4697
800
1067
3674
335
2433
490
2457
2132
949
529
523
1690
292
3147
2629
2349
2335
1422
2140
1968
3043
2255
339
1766
2025
936
1653
3260
2052
220
2957
4204
1287
2983
4540
3721
4826
1997
2205
2127
3878
2728
169
4170
2227
2798
1520
4563
4221
3660
2883
3616
2267
3223
382
4292
511
2035
2553
2563
3608
1862
1768
4895
1198
2660
4968
2376
1009
2173
4503
4887
1254
4673
4057
3481
3823
1929
4396
3044
1942
2280
3012
4209
1855
4747
4854
2366
3134
3759
1281
1742
1973
4401
1638
3171
3413
2958
1899
4422
1484
2755
661
4090
3780
1071
3923
2603
3000
3320
2000
4942
1952
12
504
3807
4759
358
2525
2894
4117
158
4636
1090
4560
2626
614
2973
1937
3865
3748
3421
1620
4409
3863
400
1832
2786
3004
4833
2458
1356
1127
4410
1368
1631
4569
1128
3341
3446
374
2458
3605
10
4901
3165
3989
1867
2490
926
732
1238
699
3705
2000
4562
457
3832
2348
3461
17
4807
1169
2497
569
2538
4128
139
18
2470
3585
392
1280
3542
1754
2533
1707
743
4400
550
3021
1485
1788
3720
190
140
4634
647
325
1983
461
1694
3142
1630
4191
63
520
3320
1554
538
2142
1492
930
3422
34
2685
2308
3094
4780
1708
3644
2802
4545
1784
1522
1087
1925
1157
1735
3602
4492
3548
296
3986
1530
840
4049
2051
512
1956
2589
2654
3448
4872
2428
3482
2557
1088
1576
2337
2797
220
139
3694
2005
3014
4782
282
523
2869
236
15
1417
1884
353
4299
2724
754
1350
3236
2710
292
2242
1158
164
1023
4641
2721
2111
2569
1410
1260
2790
2902
4955
1147
916
1089
2781
1439
3958
3017
2806
375
4901
4511
4674
3978
265
2377
3566
2976
2669
2161
4134
2833
4536
127
1906
2999
2697
3316
4260
1839
2570
567
2986
3486
3008
767
1277
1966
136
435
3693
37
4946
4719
367
212
2096
3934
4540
1117
1095
3674
3950
631
3802
2208
3630
2851
525
4242
4690
4447
1161
2676
2934
4169
4795
563
1135
4931
2351
1180
1320
2297
900
1688
3861
2996
1974
3401
4114
3069
3428
4416
52
3582
1625
3682
1433
3502
4277
1123
2949
1790
151
2235
960
4946
2799
3447
1229
1502
4628
2549
3799
528
589
4013
4876
2563
3766
3990
1984
2194
4759
2036
776
1384
2071
2209
1238
2700
4684
539
4490
4835
2775
450
4781
1926
250
2362
3428
4878
1264
3579
1758
1853
3944
1634
769
2711
1977
4105
1257
1736
1142
2034
4472
4565
595
710
2265
1632
1249
3107
1467
376
3558
2601
2302
160
4963
2082
38
1227
2014
1796
4433
958
3430
1554
3669
407
659
4927
3495
1801
3313
2967
2718
260
29
1335
1892
2631
4443
4712
3007
4353
2313
1662
4513
3628
96
4551
4856
2110
2699
641
3069
2481
2195
3090
2889
2854
4369
2736
1008
2682
704
3726
4295
733
1414
1187
3364
857
2251
2724
210
4564
738
4723
3193
834
626
4401
2945
3325
1394
2366
806
3589
456
47
2795
4826
2784
3803
3860
4840
3882
3155
573
1648
695
290
2505
2946
4366
4067
3863
104
3790
3408
2290
768
4161
235
4093
555
2601
1251
4144
4410
2651
3291
588
435
3447
4448
275
3681
3956
2200
329
4651
3842
2834
3949
4560
1901
4164
4664
2043
2572
1955
2811
1733
3542
3256
3640
2496
859
4136
3258
3510
2428
3846
297
875
3294
1924
4556
2250
4125
4885
3253
4319
4071
3555
3880
2324
2719
4896
4367
1644
3203
3530
4729
1746
1786
3370
594
2645
3858
3852
2508
1286
2698
2805
3513
2344
4730
4421
947
207
658
4200
878
4729
4107
4758
2053
3179
1007
2772
1175
4210
1302
904
2308
4440
626
2902
2086
4485
3106
946
2123
804
3751
637
4501
4833
1410
448
1392
2069
1000
2271
3150
108
3381
1556
3287
4388
4328
4462
4951
1983
1718
2259
1423
2345
1514
4861
3182
972
807
1657
3129
911
2294
2630
744
57
3078
2137
2126
4078
760
1628
4186
4141
3184
3825
4882
3865
4639
4833
848
1358
3444
3623
55
1310
3485
4589
2283
644
1246
412
1555
4893
3042
2300
4950
1120
789
3428
1550
1549
56
737
2042
3241
914
1924
3458
554
3109
658
3264
1554
4281
3319
4216
4118
4260
1499
4763
506
3263
1318
399
1305
4970
1701
3777
2111
129
328
12
186
2417
2055
4779
4683
3979
4589
237
2089
247
4853
4995
880
4524
4211
4999
3784
711
1114
643
326
3784
1042
1632
107
4096
1761
2218
4225
3441
2231
763
2210
4286
1894
1894
4617
2835
3483
3058
3082
3337
3053
315
4213
3617
314
2998
680
2780
3641
1006
1564
1035
2638
3023
131
752
242
709
545
3825
2824
2756
4463
1071
1002
4080
3906
4485
3491
1989
4174
1544
3656
3388
161
3970
2738
841
3102
1379
1848
1018
3766
838
4042
250
2942
4284
959
3488
4461
135
2596
3924
1206
3598
4356
113
4435
2847
3454
4962
744
2110
4702
2257
2432
2440
4451
1886
171
1299
2904
289
3489
1946
539
2784
2582
2850
1272
2043
2986
3868
2319
4192
3818
1676
657
3253
875
463
3215
1619
3925
4269
3877
2709
1709
4680
4595
3232
2331
2500
3522
820
4446
413
4956
2029
3264
1228
424
1250
1448
2744
1794
1618
772
3804
4872
1647
4267
4439
4619
3193
3709
4848
2254
1770
4528
1850
1355
1859
4350
1229
4031
148
1642
3988
2177
4906
1568
3954
2508
4369
1698
4303
987
2470
3107
2211
469
3726
3003
1440
3271
3064
1288
526
1186
816
2376
2541
4027
3078
122
3059
3226
1765
3399
404
3023
4967
4358
532
688
2408
1187
1676
1230
4294
239
3051
4372
3242
4492
2644
1306
780
4522
2493
2949
1898
1386
3328
4976
1509
1387
3202
4626
1138
4958
2649
2458
668
3181
3146
4428
720
1174
658
14
1414
62
739
4656
4554
4735
2315
334
4257
1160
4635
2507
2546
2964
2483
4055
703
2037
33
1842
3348
2683
4300
368
2216
2446
1149
2937
3621
3159
4303
1387
3221
42
1043
2775
4777
4710
4462
386
870
4097
2893
3417
2061
1728
3824
4117
3766
3858
959
3466
2893
259
186
109
4057
1335
3046
4030
4495
3702
417
2716
96
2813
492
4874
2523
1306
260
3394
403
4506
3163
3817
1234
3339
2934
1352
3549
3893
4818
-1
504
5
2904
913
2692
2302
4944
2187
1004
361
1256
1101
4526
1748
2327
2050
3054
3939
1796
4809
3445
1311
3626
4680
1002
2912
1032
4552
3157
2203
2346
3661
3560
250
927
1252
2553
871
3440
3557
2584
1048
1010
2111
4148
3337
513
3554
2277
3661
3363
2074
1324
3342
1754
2326
1254
4139
1878
764
1342
4225
777
4902
827
1704
1154
3380
2575
946
3290
160
1994
4300
3623
1142
3990
488
4696
2619
4149
4412
4693
1825
2754
1448
4151
360
587
2382
1124
1929
2959
1902
3183
3786
3606
4337
2167
2534
1636
1809
4046
3630
1109
2669
1125
1451
3157
2173
4070
3658
1585
3764
483
4339
1564
986
1052
3503
3368
2176
432
1327
430
4967
1466
4037
4304
3633
1571
2292
1794
617
2275
4255
4638
3400
707
4147
573
4777
4157
2159
4893
992
2850
1457
1978
3902
4960
347
2431
1744
3026
2861
1711
4492
1898
2368
4477
4821
4660
1271
1790
3287
1879
2780
1687
2586
3279
3613
2363
2436
2124
3609
3428
4974
66
1759
229
27
3458
2660
1771
1484
1873
4835
2329
124
2203
3158
4945
3215
782
3088
1503
2661
868
4542
247
500
3155
3962
2936
1631
2571
2717
2958
2638
4476
3187
4017
2934
2199
2140
770
4072
3327
4451
4196
1882
2610
494
98
3392
3582
2953
1053
802
3847
2652
2654
3355
1614
591
4986
538
4660
2944
4528
488
2483
3545
3422
1034
2037
544
107
365
4996
655
2247
2606
1149
3697
2350
1083
3002
3403
3238
1850
1055
892
205
4021
2835
191
911
2495
4488
439
2983
3323
336
2757
4358
3726
3302
4465
4091
4650
120
2690
3608
2622
1388
958
57
4390
4361
3295
1240
1768
540
2797
2141
3375
4341
3053
2223
3829
4844
1558
2152
1533
4316
1510
259
3970
2327
4350
4972
3800
2040
3580
2774
4780
4538
2831
4171
3899
2479
1763
2019
3019
4561
512
2746
254
4917
4969
4083
4762
1528
2587
1295
2196
450
1554
1166
4129
2256
1138
2929
4296
4718
2055
429
608
4887
4600
4507
3718
2715
2878
1737
3628
3390
835
3882
3308
805
4317
4422
3685
3257
2069
881
3707
3623
3399
2836
879
889
2118
1527
607
4173
1956
1215
412
2908
2074
4130
1976
1304
2219
1956
1046
3055
839
706
212
1508
128
3897
4765
2197
1130
3472
2172
4529
2661
4403
418
1131
2283
2377
1656
591
4944
2069
4852
3370
2551
1828
1026
1123
3784
2072
530
975
2779
2094
2484
4259
991
2249
2809
3473
2074
4981
3002
4735
737
4772
866
3020
3501
3874
3611
3445
943
4815
3167
4847
1643
4193
2322
1780
2617
4204
4107
396
1298
1591
1008
2289
193
3817
762
2267
150
116
3354
887
1240
572
259
4741
4446
223
4538
1742
38
2705
1589
1682
3250
263
4814
867
4467
3921
2616
765
1865
3624
4406
2058
2441
1520
4325
2591
2988
2679
4831
4228
3251
90
3969
2697
313
4859
791
352
3916
3732
3386
2166
3995
3200
4385
4814
3473
2001
579
338
1977
1337
2396
4418
2857
3073
3362
845
2104
3193
1425
1707
4635
1746
4405
4949
1605
1548
1653
1873
281
39
4039
4276
4591
4777
4091
3064
3130
1022
4755
108
2360
2151
4526
1569
1577
4240
2415
3681
2433
192
389
2069
1939
1146
3370
4896
2694
23
1770
2975
1414
2161
3604
1005
1938
2695
421
69
69
176
177
2429
3680
1055
3999
257
296
2766
3938
4081
2958
679
2502
1249
1825
2224
1146
872
2247
2916
3847
3661
77
2451
1018
2016
1498
1440
3437
1568
1616
4966
349
296
1021
4348
1905
2669
3466
2196
1751
2777
2875
605
4026
1053
2830
172
1925
1429
3088
772
1443
4518
4576
2461
2886
2426
3901
1323
3994
1870
1289
696
3518
3662
1396
424
1332
4863
2620
4435
2640
1847
1392
3018
2900
4222
4543
4825
2004
3983
1950
3447
3501
2878
908
1387
304
1162
4062
651
3032
351
1347
2902
366
2743
3326
3050
3958
2298
3837
2950
498
229
969
3398
804
512
4576
2808
847
2878
1255
4349
2108
2163
736
3764
4677
1151
4415
2709
2854
2114
612
3220
1210
290
1270
168
3941
107
4471
4439
1689
440
4189
2493
2304
117
1653
3151
4347
2908
3852
1455
1423
941
1572
1101
2092
2339
162
4946
4454
2126
4519
2016
3769
789
2184
2710
2249
1655
3501
290
3447
4042
2783
2103
512
788
1607
1211
3696
1811
4019
1471
2752
591
3924
1196
2930
4087
1143
3736
2565
662
752
1334
2803
4289
396
1404
2296
3897
1694
2096
4292
829
4199
1156
1617
2158
2367
1665
322
1386
3137
3074
1977
2061
4271
4908
2500
1766
4996
66
3780
749
1400
2935
38
1797
4340
2334
2046
2386
4430
2690
3216
4982
3846
1185
3492
1214
2851
3814
3952
2340
3241
930
753
3864
2190
3254
630
2186
4672
762
4287
1072
3697
4325
4221
4389
1660
2620
1776
2442
310
4992
2424
509
2529
2269
3075
380
1083
2027
2720
4324
4309
3474
3188
1499
3080
170
38
2752
932
4325
176
982
3651
4398
371
1663
3370
2147
457
32
3491
4234
541
1021
1503
3616
2753
3938
1996
1826
3263
1305
1652
2803
4157
4732
4326
4195
3836
258
3520
4012
2592
3523
4762
2964
1538
3132
1463
3348
3165
1307
2582
58
2328
437
27
1433
4375
2023
3259
3990
3328
4911
3146
2485
995
2472
3032
4831
4082
2905
196
1675
1428
4958
4639
4319
4443
2454
2667
3960
3761
1601
370
2441
2038
397
3875
1413
2420
3486
1756
2101
3398
4902
938
745
2374
323
1929
1456
3228
2125
3131
1008
3435
4122
1679
4230
1577
4346
3190
1690
947
4913
4132
4337
310
3007
751
4083
1493
2507
2536
1243
2409
4826
1989
1135
149
3918
2591
3377
2395
723
738
830
1197
2417
1413
2774
3116
955
4465
415
868
4949
4753
1179
2956
1856
1614
801
715
4150
3397
4476
3976
1738
611
4126
2008
3202
3855
4403
277
4593
1585
1475
2011
2998
601
127
306
1418
542
1174
1367
1647
2353
4323
3503
3967
1477
4218
4469
1226
3694
3446
2964
4305
3924
4972
3860
2779
727
4137
3725
3664
1964
736
3015
2566
2215
3321
3984
4109
4495
352
757
3201
1027
4260
3520
3856
4831
2990
82
3525
2788
3046
4183
1712
4370
3043
4491
1449
3532
3216
1466
497
304
4481
3063
3871
4154
3399
2981
1
3751
90
3202
1131
702
3075
4987
533
1065
70
411
205
4468
946
1917
191
3989
2760
2992
3873
2329
4458
4370
2633
291
3785
2857
797
3537
2190
799
2288
2280
353
4771
4334
3428
4759
1220
845
1181
2983
1050
2001
3929
4319
2192
4270
2080
1537
3143
4409
2347
3866
3394
2639
4003
2603
4788
2540
4793
587
1181
3425
941
952
4112
721
2063
332
1567
3244
3315
3969
246
2244
3289
3790
1514
1721
327
1009
1130
2675
4875
876
1666
231
3480
1454
2771
4625
2042
304
4403
4335
1257
3515
56
4672
3847
2975
2917
3514
1945
3163
758
1586
1953
3624
3307
2281
4633
789
1308
861
3017
2974
1092
2849
4428
215
2475
2822
1872
3230
2157
4481
1745
3566
4153
592
1541
2070
458
4838
1585
1216
1424
3539
1192
1083
2172
2177
1872
4832
3038
1242
2806
482
4091
3586
2050
2918
1409
3922
1148
4918
4755
4245
3484
3908
1189
1378
979
1647
1216
2564
4215
3993
2455
407
76
979
2585
3301
811
1975
895
4969
3810
4986
3556
2212
4257
1317
2486
1757
1235
2241
1003
1072
1149
2192
2450
3480
3840
18
2397
3055
4011
1204
4815
440
2184
2400
93
4347
727
988
4317
4537
974
2873
3101
1583
4190
587
3341
1777
2828
696
4201
330
2888
3003
3810
3080
3022
2559
1136
3385
3764
2303
177
2300
1055
270
1647
1782
1258
964
2672
3585
3837
773
168
4379
1361
4861
2509
4189
557
1710
4519
3446
1066
4682
2878
4088
2241
366
3825
2357
2669
4003
4657
3724
625
1305
507
1884
2269
4531
469
2459
304
1989
3190
1665
1851
2051
2207
2408
3762
3078
2206
4828
2760
85
268
1354
451
445
3711
3121
800
3369
1845
1426
1026
3704
4662
3295
3235
131
2106
3540
2120
1649
1557
323
3700
116
2732
3814
3195
1290
3642
2307
1375
262
13
3179
2060
77
1300
2860
3446
4497
638
824
4554
300
471
2789
431
2578
2681
3904
579
591
4227
4279
707
3311
3094
254
4602
3088
3914
2329
4703
279
508
1763
356
3160
975
154
4010
1614
978
3564
1914
1450
1353
3698
380
387
3954
959
978
4533
238
3037
2845
4684
4644
3799
2773
3558
1128
3828
3837
2989
591
546
1149
2918
700
159
4532
1679
3723
2799
3129
1429
1497
3509
1816
1803
820
4146
1336
1058
2183
533
2095
1827
4332
1220
1737
1813
48
1927
4802
1991
2473
2303
4909
4525
2463
4442
1204
2538
3593
685
319
1442
546
3487
3245
1366
2633
4581
3777
1169
115
872
4348
799
2092
2438
2612
2140
4365
2414
4131
3190
1070
392
2715
3533
1186
272
2423
4779
957
4095
1221
1504
2582
818
4222
1568
1752
2999
4089
3219
3871
4789
4018
2315
2227
2983
4455
2944
1749
4938
1134
2819
1683
202
2704
2869
474
128
2649
2783
4223
222
639
3157
2393
4862
4725
4145
4213
166
2364
4437
4956
2734
1752
2183
717
2560
1480
2467
3850
3966
286
533
4168
2991
3403
994
4471
2404
3778
46
3978
4417
4555
1371
4279
633
1868
3493
799
584
4282
755
3319
1034
4291
388
3594
771
4207
3797
1089
4494
4330
258
3837
4085
2604
4660
1489
1382
1058
1820
800
613
3191
1431
1246
1412
1276
2046
1996
558
4153
1667
2945
3444
2056
2891
567
1263
1688
3009
2109
1019
4619
2298
1456
2223
1958
4298
3606
3016
1118
758
4982
661
3541
1228
2073
4818
4626
4070
1728
3780
737
4673
3576
4145
2565
496
409
4253
3505
3870
1624
3124
1169
4433
347
3127
3731
305
2496
4849
1063
2478
510
957
58
3936
775
4685
4358
2503
3465
1447
3529
2041
593
1094
2537
2354
1699
2394
1224
4676
518
3745
4109
2218
3225
4192
2523
721
4041
4939
4551
903
896
4609
1191
3023
4294
549
1878
4111
1997
1759
1153
2590
2853
42
1296
905
3789
3872
1933
4307
2618
2394
2877
843
1586
1753
2916
1979
1692
2467
2882
3940
3428
4074
3315
2723
975
1545
1834
2972
3305
4339
1914
2510
734
3210
3415
4523
3435
1700
182
1053
4094
3060
1896
2032
4813
4812
4011
2857
3631
1894
3149
2059
2320
2816
1134
3295
4361
4321
2620
2666
12
886
177
746
449
4944
1621
3884
1645
3156
4937
2091
1216
3185
4124
2381
4349
4487
1590
2980
1381
1091
1391
53
3907
2526
4701
3268
1847
3673
2287
3211
4559
2464
310
8
3760
1931
244
1757
87
1533
3849
2655
4718
4325
1388
4067
3812
2978
3399
1546
4069
4791
2951
4328
3669
4004
2597
1868
2677
4884
79
3589
3700
389
4949
2460
3673
194
4218
112
1727
4419
4120
1446
96
508
1865
260
4839
1617
1806
260
1408
1110
4589
1429
114
3538
3297
2792
4774
4728
1381
3474
118
1330
2286
143
2876
2856
255
4604
3627
727
2402
75
1236
619
336
2427
2236
3494
2687
3644
4604
2276
73
4719
2166
4722
3863
1940
4451
1596
1766
921
4278
405
1064
2155
3261
2671
3111
3241
3399
513
3316
987
1132
4
3414
4721
3499
1101
3365
4455
4730
4791
526
1896
865
4389
3837
316
2337
603
2589
1616
1008
5
123
622
2677
4586
215
2428
1451
4883
3415
2583
4888
1829
3656
4739
4282
2022
4194
4012
3165
4721
909
382
462
4746
2051
2800
1701
4640
768
4062
4646
2243
1036
3675
1829
2603
1103
3280
2486
4518
2215
3726
2699
872
3465
1981
4246
2660
994
3763
2381
3255
4145
2843
4353
1196
1995
1054
2189
2763
1468
1835
1358
3856
510
3187
1459
2965
1467
3946
2483
3683
2672
1534
907
1138
3515
153
150
4509
3916
3883
2764
3061
3078
3469
610
74
4524
2799
4189
2344
4634
548
1201
1496
3735
2660
4461
1555
2958
3296
1590
631
4830
2497
3121
4697
2650
4623
559
2918
3506
4675
2331
1584
3145
2941
3010
2669
740
2200
1365
1726
4100
2566
4574
2835
227
387
742
4537
3683
2332
168
4865
4829
4641
4563
3831
4264
122
1749
2770
1149
4081
707
4294
2022
3717
3315
4115
917
4681
2193
17
2247
1768
4205
3826
2155
4947
3364
2191
3632
4884
2056
3461
878
2971
3645
142
4445
394
4265
595
827
4972
4889
4202
3689
3205
3317
959
2886
510
2328
1485
3630
2885
1664
786
4185
1380
2977
2817
1264
1385
2630
2142
709
1275
3637
154
3022
2902
2101
3849
4226
1991
3051
4267
1548
2720
226
786
4583
3907
2271
3213
1792
287
351
2329
1667
4680
146
2932
1066
2777
1426
3127
404
63
3281
3426
4317
1735
3628
3543
78
3031
2811
1626
2104
4389
2412
1687
3296
1035
1252
1441
2675
1604
3770
4342
1284
3917
2274
3702
3046
53
1829
3450
116
1463
3229
786
3198
1857
4329
3276
4888
2140
1254
1992
1530
18
31
1178
2405
1284
2619
80
4240
2742
4423
1876
1659
3049
1931
1057
3102
3760
859
4571
1575
4088
357
4773
945
1038
4401
2186
4531
655
530
2413
673
562
3591
3079
3198
2563
3159
3790
305
2582
666
3316
1984
2597
4373
86
2710
1584
1009
4285
673
2718
411
2970
3757
4812
1508
3288
468
2039
701
2493
3953
644
1924
2151
4559
84
2293
4864
4018
2959
4532
1002
1909
257
2441
4619
1842
4802
256
2515
2521
667
1837
2630
1832
3346
918
3652
385
2971
1145
690
4967
3070
2841
4527
4506
1486
743
4876
4445
276
879
2706
1885
4672
3677
3727
4474
286
2594
3347
953
4432
977
4137
4130
3247
2789
4515
2570
287
205
2538
4709
4398
3417
4215
884
512
4091
1681
2140
1322
740
4026
2346
4417
4105
1821
1055
1700
168
2009
2484
2498
2498
1614
745
288
2481
3316
1927
4038
2206
1636
4788
1975
2203
2024
2487
2646
57
4628
3969
797
3654
2667
1567
4111
4488
2622
811
1009
983
4647
3507
3482
2613
604
122
94
3920
3401
484
2478
37
272
4453
3592
2296
1941
1238
2354
2921
1559
3151
2927
4227
1070
2038
67
3693
4202
2428
1028
3849
935
4510
2815
2892
984
2909
3164
4385
4746
643
774
18
1448
4366
2315
4741
1957
1021
2662
4868
524
1941
4095
1595
3980
515
1640
3182
2943
2668
3383
231
3531
1198
3123
867
460
2639
253
206
3282
1027
224
4731
1746
3891
824
3703
1264
3487
4923
1789
428
371
4736
760
886
1376
3942
181
396
3678
1764
279
4876
1239
1147
336
3879
2752
1894
2161
131
2119
3244
1877
2362
4069
1932
3627
3908
1856
1768
688
2227
1504
1449
4465
4232
1743
4646
980
1773
1411
1260
1650
2650
3759
3338
1529
1511
233
43
2994
3704
4639
1224
2418
60
3156
2397
3968
1364
4165
1009
4943
669
2458
760
4901
553
1759
2234
2327
4522
4846
329
3524
3605
19
54
1468
1604
1449
4462
1660
2440
686
4079
2501
195
1476
1469
2911
642
3830
4207
2663
2640
4967
3917
3194
3078
1151
1873
2600
997
2202
1125
4602
3573
2531
2422
178
3980
3236
1838
1420
3923
917
3921
470
3746
1743
4733
740
1925
3940
3403
4566
260
2320
4112
3338
4823
985
939
820
4539
3416
1774
3112
947
4196
3290
4927
3785
1481
2699
4060
3750
2973
4530
2496
1068
615
3236
2993
4556
2992
3911
1168
1664
3023
858
1488
4008
3149
2308
4899
1565
435
4364
2512
983
2654
3791
4768
487
2843
3828
4238
816
4710
1734
3236
326
1323
2581
1234
4315
1493
2402
979
4516
3260
2467
4877
2762
1128
4776
4327
1563
4140
1840
3898
3147
631
3667
3634
3474
2495
4224
642
3558
959
230
3884
3634
2812
118
2949
657
3872
280
173
3484
4100
1402
1246
1580
2531
574
4495
3023
3766
3393
2522
4397
2060
1157
4224
908
381
1218
4466
2692
1449
4702
1326
613
1172
627
1270
44
2260
2795
3528
1360
550
1127
2940
3081
3053
3787
1104
1819
2180
3627
2568
593
1136
3144
2853
2869
4363
3671
1914
2164
3373
4592
4129
4545
220
1751
941
2480
898
821
192
1448
1948
4484
4529
1
3271
1986
3172
1803
1965
741
2396
4453
3885
249
3674
4600
272
588
1764
3645
181
893
4542
1753
3996
483
585
4895
2657
777
1343
4605
261
2225
959
4884
563
4131
1687
2528
1224
436
3333
110
2037
2007
4710
2310
2596
2827
2307
4129
72
3202
2234
4069
37
2819
3964
2694
4948
307
3652
1561
2532
4611
1445
3095
94
4484
1975
1319
4920
308
1429
1958
3668
2491
620
1264
318
2927
1745
391
1129
3979
812
1167
3150
4776
3861
3098
83
3865
4659
3968
3476
1104
3415
4923
1940
1743
1242
1861
3403
4023
3819
2071
2866
4439
4687
3185
3718
1432
4928
4848
1763
740
2367
4913
1868
2580
4363
3303
1446
4022
2271
1274
1478
2039
1197
3419
3782
2439
1632
3537
2814
451
609
681
1242
296
218
1312
3081
1498
2512
4844
3590
4879
1110
458
3812
1825
113
1610
848
2385
2884
3678
776
4082
3449
910
2873
81
4447
2040
1884
56
4073
4478
353
4291
791
4786
2141
3303
982
731
4535
3444
2541
3347
270
2654
4957
2470
1391
4193
1148
3519
3275
4598
4429
2501
4679
3877
893
2916
285
4966
2394
1990
4257
3185
1776
2750
1489
2759
4833
2376
1203
3726
723
1473
2732
2032
3943
4124
1225
1444
2643
853
2394
3425
4706
3425
3654
599
1341
3939
565
3736
930
1174
1921
4058
3924
4762
3169
109
2138
4373
3835
4213
2198
1567
1245
2494
2043
3823
290
4687
1028
2684
4464
734
1109
3118
2685
2451
2057
4602
1187
4339
776
4460
3398
1052
4223
2919
1161
1361
2292
1348
575
843
2915
3172
4689
4959
3347
4979
998
4375
4015
462
1461
124
4932
4146
3927
1989
3748
1466
2681
876
927
2431
3280
150
350
793
2863
3995
2141
4790
1190
1409
4315
879
1368
2662
2210
3718
3390
1225
4180
4851
2701
4112
3998
2981
2453
4098
4447
1486
1327
374
3917
4607
1876
620
401
1092
4615
3894
882
805
303
1549
3036
3023
4212
1598
1741
2602
4175
2273
3805
3228
2737
2803
1209
191
3254
657
1677
4581
2383
1947
540
4260
2567
2293
352
3534
2540
2586
691
2843
4136
3727
867
4700
325
3960
3654
852
1234
2459
4080
3971
1615
290
514
1221
2299
3544
2154
4682
491
2694
3942
4410
1340
646
2944
3880
4585
3635
3075
73
3714
3942
4773
391
4255
3427
1243
489
2238
323
4460
3853
1965
1327
1426
4264
4871
3580
3947
362
1275
4241
4772
3967
1240
4068
2847
825
2703
922
898
2769
1217
2023
3160
472
1802
755
2313
4040
1078
3125
4246
4396
4452
672
3660
4323
4253
2607
1037
1880
3201
2161
847
4441
1229
46
266
284
2320
2516
3053
4889
4539
2565
1713
1341
3320
4026
381
751
3504
979
147
2956
1652
3807
3632
2257
2767
4669
489
968
1831
1336
409
3060
2734
2027
4697
54
4543
2750
4944
4082
1668
1657
423
4988
2036
2156
2091
540
3136
2238
3496
1140
2398
2128
3397
165
3150
238
1133
4981
2926
2894
4393
660
4921
4090
2066
4464
3193
2010
4898
4861
20
321
1201
3408
3829
3293
3948
1965
531
3796
4457
2929
2277
4206
4446
427
4444
1931
1760
2370
4825
1153
3030
1098
244
1449
1914
4789
4811
1812
4650
4831
3485
2203
3239
2315
496
3539
632
2380
2336
1442
1661
4613
648
1108
1392
93
4391
3152
3815
4217
4305
3198
1667
901
4647
4934
690
4458
1746
1692
642
1584
3896
233
251
744
3773
2235
3124
1109
3677
4786
2074
4326
2246
3466
771
2989
1618
4586
3558
923
4136
226
3177
3783
160
3867
4594
3258
1912
236
4842
808
469
1445
1552
4242
3681
1029
1703
2358
2167
3777
3036
765
3595
3807
3754
213
4746
2313
2489
3882
2539
666
4018
4051
885
3612
2309
4149
200
3504
4957
669
4949
2862
1264
3630
3891
4319
2341
2410
4449
377
3175
3044
537
1929
4610
1635
4242
2099
1869
3133
4117
887
2184
1354
851
846
504
1051
4350
1813
3073
651
4675
4337
634
4918
3656
2975
2328
3105
4704
503
2502
241
3785
2112
1876
3027
4211
98
2513
4680
985
4697
2386
3189
1895
2890
4240
1245
1056
2313
1897
2083
3002
2531
2002
1659
1858
682
1116
1562
2538
3618
1804
1323
730
32
702
1293
1482
3215
2325
2468
4265
1064
657
1160
306
1249
2406
1362
4915
655
3446
2917
4538
1800
4576
1396
2482
2045
4310
20
2015
2466
1343
4098
3851
2046
1743
333
261
421
2801
878
1485
4810
2039
1791
2412
797
3154
2327
1452
1600
244
2342
3400
1173
90
2234
4570
4400
2255
1585
1867
4950
683
718
1996
3779
1051
3610
4200
205
4488
685
1367
2879
2476
3779
3676
1982
2458
128
4934
2703
3822
4686
228
3912
1921
4798
3313
4176
2735
180
478
4771
898
2475
3550
3301
2437
2750
3506
3277
4787
1226
1157
3615
5
4833
598
3816
1314
532
1519
136
219
3099
4049
3492
4249
2362
4020
1984
3894
4498
1755
1144
3325
1657
4445
762
4407
4304
392
546
530
1549
4162
1887
2734
4760
703
4048
1644
3574
537
3215
1673
938
1707
922
4652
727
4259
3546
226
1014
1042
3551
4024
487
666
4783
1143
1058
330
1673
3959
4492
4913
1693
604
616
2094
2248
4191
2631
1816
2216
3569
3523
4491
4573
603
3750
3119
2181
1116
513
2084
140
1000
2750
4924
3496
160
254
1521
4119
1098
1434
2165
1702
2051
4259
302
2594
3242
2118
4810
3163
1994
653
2736
2597
4403
2207
4778
520
2720
1862
2012
72
965
1936
3568
1125
3542
1442
1597
4640
2876
3762
2694
1279
4373
2997
225
3967
1467
1388
2130
3461
2041
1218
2410
1445
3425
3540
3317
2497
403
329
2569
2720
2266
2490
197
808
3932
3146
1801
3160
3260
4495
4440
2633
3844
1017
1600
312
2405
82
125
4447
1300
2536
2244
1077
1076
561
3574
2831
890
1144
1903
4508
4986
2101
1669
3918
1599
3470
2078
4860
2965
2870
3845
1810
3888
446
2122
2645
1880
3599
2092
3181
2487
688
610
4916
1249
4185
2747
3492
1681
1003
4352
1667
4456
1021
1937
1055
4491
4015
915
2457
3238
4761
4267
3478
1559
2741
1123
3439
2692
4568
2972
180
256
4935
96
2858
4120
4195
2702
801
198
2054
3820
4654
3076
757
2062
2567
4772
2977
1376
4362
4090
1995
2840
2001
1088
316
1793
3781
4884
4765
3961
1492
4700
4057
702
172
4604
3404
2325
4803
459
1145
809
4887
1902
2871
2454
3027
2201
183
3741
2643
2178
1582
4645
3267
3250
1438
2048
3134
2555
2361
978
3608
2770
1681
3780
2374
1437
1106
3529
1896
3603
4339
3135
1858
3562
590
4885
2115
2125
3626
4759
4303
1560
4404
3922
4810
842
970
4296
3397
4683
1627
2005
2453
3308
2138
4828
4745
4596
4709
2994
3199
4048
1129
57
3963
3071
1294
1078
196
1273
2189
852
2833
1593
4774
3996
3787
2097
4644
3537
1780
1271
1894
4234
4579
4032
414
677
3628
123
23
3180
524
2504
4589
4487
576
884
1917
2124
2157
4107
2976
1342
2052
4103
1690
840
1200
1335
4377
2980
2606
1271
3566
3538
1656
3980
567
1636
456
590
1168
980
3094
758
1819
22
2994
88
2147
1503
4195
1475
4197
2600
578
888
4792
3130
2223
4169
2463
1181
1792
1029
4719
4800
10
286
2789
466
2228
3957
2798
323
4715
4617
1697
4061
4705
196
564
253
1672
4762
4205
3602
650
3997
3085
4225
4518
548
406
2662
1577
1478
2463
2939
3116
252
4757
345
561
2555
2020
277
3524
3717
690
4582
3914
1255
1187
1938
1017
392
1892
3019
741
4977
3596
259
525
4002
4273
3455
1832
1736
1394
4949
3340
-1
294
3902
59
2314
531
4936
2383
1221
870
1297
3828
2057
4587
1197
3801
1480
568
894
1457
4164
1153
3335
4519
426
1790
1351
3515
4536
2652
3207
2040
2946
3461
3452
1612
344
3388
3996
2918
610
1645
1746
4019
1233
4296
2820
4065
4864
66
522
4029
1219
209
3548
2997
3351
1251
2864
2888
3904
1072
4928
3202
885
4732
4815
1230
4472
163
4148
82
3160
2246
4101
745
1542
3273
4810
1407
3339
1685
436
910
1894
336
260
246
2939
3124
4486
1843
548
766
1398
1434
499
1213
4016
4971
2728
3164
1406
888
410
507
1634
3305
133
1444
4712
3472
4481
1500
735
1376
3188
995
2974
1127
471
2460
4323
1020
3226
2073
3806
3725
3286
2822
49
2366
2338
1455
4606
4100
3314
2592
2405
3447
389
3469
3272
4870
1321
4007
1246
4509
1354
4220
1989
1825
3032
2664
4197
1259
4737
4355
4984
4375
3529
33
3093
867
2840
2699
1320
1155
292
3725
4602
2033
3547
4226
1903
4868
3233
4502
730
939
74
2719
4117
3107
1735
3314
4366
1472
4022
702
2199
2551
2088
292
4771
4928
2991
1091
2435
4635
1168
2038
1668
4715
1264
3572
936
850
4426
1666
3141
4500
737
2258
2607
2472
1925
3325
3944
947
4028
1143
4850
1116
1435
4621
2396
778
712
4832
414
1881
3222
3434
2948
838
3358
3884
3040
2784
1902
1182
2285
2639
4792
1244
111
1717
4570
407
4016
3598
2902
3867
1066
689
4840
4814
1468
553
4646
3234
3786
4220
1668
3086
59
27
3323
4451
4163
225
633
1448
2865
426
2693
2976
3495
2263
3384
3864
2213
2638
2731
3279
3328
2571
4445
4796
4476
444
3030
4614
4664
1050
4053
1075
2429
2376
527
1593
3953
2512
4393
1818
4290
2086
1147
2786
701
883
1650
2914
3521
733
2545
1849
4656
3343
1645
485
3787
1027
1451
3451
3430
504
879
2211
4232
2758
3804
3186
270
4550
4
4561
1636
2503
3699
3690
3386
1701
2956
1908
3786
1854
109
4794
197
3107
279
3984
486
3083
3787
3916
4939
1018
1128
4172
3776
1284
2358
4047
834
3714
4960
3823
2570
11
3865
956
3064
1821
4216
3202
27
4326
2996
1576
3785
4628
1912
4271
2711
700
4540
4002
3070
2020
3174
1847
3304
1884
2246
491
1951
2206
666
4521
3569
4531
1829
1633
2704
1046
4835
2732
1724
4183
4308
509
3811
1221
1132
2874
3273
672
1877
1343
2692
1403
4542
997
3288
1788
2840
1591
3994
3506
1112
3915
4389
2941
548
2093
339
1735
1177
3415
919
486
276
1082
3059
1409
3957
2684
2081
2186
4027
1126
3589
4922
3475
1877
1710
1315
3468
2057
1173
932
972
562
226
2873
4007
1917
4608
185
333
1879
2023
1961
4314
82
3370
3271
2766
1804
1809
3145
2930
398
3067
1405
3628
4778
4072
3448
3187
245
4381
4159
2159
959
3384
1166
2876
4345
1351
3209
1224
3374
171
538
3456
4893
161
2574
3049
1970
2072
979
3721
1491
3736
2349
2621
2808
797
808
4405
1530
4968
1564
2489
3352
2731
366
2697
4082
4927
274
3809
1450
2164
3617
2696
3678
1192
745
2000
4616
1725
721
1107
1813
4422
3729
974
220
4537
379
3102
857
3296
592
562
1027
958
3259
1461
2237
4885
270
3688
3402
240
1384
2080
1432
2129
4080
2400
206
1154
3507
3372
576
2236
4346
2148
1774
1077
251
2631
4373
2195
3193
400
4505
2805
3214
1742
4042
4836
1782
2444
76
4518
4524
2860
3000
4957
260
3206
1111
3768
2930
3039
2356
2276
188
4130
3354
1791
3114
2727
338
2659
4480
4843
1816
4046
1585
859
3882
4720
3303
311
4238
4180
3171
2238
489
4784
1797
1600
4904
4727
991
2260
2004
2531
1391
1710
674
857
789
1012
3516
269
855
1685
4315
3793
2544
4550
3513
2199
4861
4103
2731
3032
1342
3220
4168
4491
1172
4072
4218
3516
1333
2574
1047
4076
636
1722
4933
1426
2734
4801
1695
4942
1486
2363
87
382
1913
3600
3934
1774
4055
3017
1158
1749
1238
327
1240
3762
751
459
2278
2084
4385
4678
1160
22
1400
2445
1448
486
2247
4495
1780
85
1858
1867
1820
123
1819
2106
1897
875
123
4408
2624
2713
1087
3865
1476
1838
676
106
3923
1413
4784
1435
1435
2536
3881
4235
4375
2480
3731
1155
3917
1941
3023
737
2065
1194
4195
3962
2069
4319
4722
1046
2032
809
1263
4860
2648
1939
4967
2923
3352
1103
4358
1140
3640
3239
375
4367
719
4106
522
4637
1048
4897
1726
4465
2444
922
3427
4513
1593
4502
1911
3625
311
3174
4838
4311
113
1157
2234
4818
3612
1593
2310
3604
1184
2685
2971
3256
3144
4846
2893
544
4743
971
9
3539
3245
4788
3053
4838
4290
4964
4816
954
4491
4654
265
4604
2163
2500
774
775
445
3084
4380
1629
2122
2351
4885
266
2197
4130
2162
3293
1454
2171
1832
4699
3311
1237
4538
2602
2554
706
4908
2045
1712
173
3001
3875
4025
128
1002
4470
4564
382
1100
1686
4086
2337
3304
2635
1468
466
2280
2922
3989
-1
3973
2301
3054
4863
1255
608
569
1163
4005
2281
2688
3359
2508
1714
4839
4863
1184
4403
245
3636
1090
683
974
746
4671
3794
1213
1951
3068
1554
3768
3393
3855
1823
3257
1462
3783
178
3977
4141
3812
1666
2500
1320
3380
2339
1183
916
3094
2781
905
4184
4816
1879
4931
4487
2025
2496
2791
1445
4050
1559
4838
4258
3382
3095
2072
2166
3274
1050
1307
2086
4068
159
4758
3800
3850
2294
4716
1944
1427
1973
2481
1243
3852
3764
731
2229
2612
3522
3674
1662
81
3513
2272
4816
1608
4345
3334
1234
1747
993
4672
815
1152
4431
4615
1354
3077
683
3298
4504
2657
2131
747
2861
895
2830
91
4859
2704
117
1522
4138
3630
146
3954
1591
843
3640
4177
2590
4633
3850
3405
2137
4633
4372
3491
2710
1408
3141
3566
417
1625
665
4630
3872
3496
1073
3732
1200
1191
1606
1690
1173
1752
1996
2764
2596
636
3294
186
269
2144
4944
2406
3129
668
2249
839
3428
1743
4405
3845
3368
70
4828
3592
4918
901
2324
2471
2092
3930
4161
4618
683
1158
3734
4631
1794
2028
4817
3416
4172
1113
2174
3653
3134
776
4492
1562
3871
249
1760
3591
1672
1588
2183
2942
2489
4508
413
934
3438
927
1904
473
3437
638
104
1583
2667
1274
1351
3191
3739
3526
1845
1873
654
2689
3436
4525
4291
196
3116
963
3136
299
257
1977
4807
2023
2911
4598
2950
4815
71
2739
1806
1528
4322
4473
4154
2026
4016
2893
552
861
4767
1206
4903
3203
731
4194
4751
3847
1509
4239
498
1766
1216
306
3789
480
1256
3091
1647
2679
2182
3453
4207
2857
4278
3361
4883
3295
1255
1787
508
2374
2993
411
1929
76
4605
1680
275
2466
2271
773
4233
3487
2431
4374
319
3687
3818
1967
1367
2352
1772
574
209
1051
288
92
698
2895
1879
1206
269
1224
1618
2198
2652
2575
230
2927
42
2501
3701
627
2340
2484
1353
2660
1172
1523
979
2539
3876
2751
4465
4085
154
1105
530
852
4000
3761
2059
4269
1338
29
1467
3990
3956
3049
1918
350
550
1971
977
2891
4455
3683
1903
1979
206
2882
870
4082
633
1688
4520
788
2793
1402
2992
3146
163
51
3767
1501
1432
235
1844
389
4636
3762
739
187
2085
3069
4430
2892
1752
1333
4872
3310
4215
2094
3745
1200
3782
4617
3340
2928
1019
1333
1074
2534
2736
4841
388
4169
1428
2232
910
1065
2346
3001
2604
4431
1070
2034
3675
4174
4719
3547
2485
3934
1994
2582
1486
776
2199
4827
3704
3218
2512
1130
2104
1600
972
2492
769
3752
1076
3031
4817
3422
1033
2421
4205
3455
807
2881
2630
526
2780
1467
812
4774
4049
2299
551
2600
3478
607
818
2342
1738
4274
3942
4062
1767
1064
2814
2843
4095
3984
1266
1480
2757
1823
4936
3565
4704
3918
443
2485
385
1256
3611
786
4907
514
3386
4737
1122
556
2079
4212
4830
1021
3274
2949
3437
2440
793
3885
1424
3411
365
4182
1586
1653
4099
1291
571
4542
128
2308
798
3739
4446
2057
4254
4184
1794
1728
1092
3873
940
923
1247
566
224
1036
3006
1017
4921
4431
780
1639
4965
2367
3292
4064
10
216
3606
1490
3876
757
229
4675
4166
835
3859
961
3915
4952
1186
4855
2227
3785
1773
2451
4822
4780
4821
4743
563
1953
2734
528
672
2379
4592
2034
2595
4550
3524
2823
1659
106
2498
826
941
2710
1787
4857
4014
4325
1064
1241
3111
2838
44
2933
2618
4865
4028
4533
3171
1763
61
3843
494
1005
878
3089
1907
4402
2264
3567
860
1115
745
1802
177
3884
3011
4191
3209
4075
1784
2672
3265
1828
605
2235
3046
986
1768
1217
4101
1829
1412
4595
4186
3642
4036
1094
4397
2652
1013
257
3767
1758
2059
3944
642
1422
3135
203
498
1271
2876
115
3100
4833
2351
1146
819
4119
3715
1272
2301
1479
867
1487
122
1255
3933
4519
3908
4946
4776
2675
1704
3188
2972
3698
4610
2459
254
1460
3731
3130
1576
1831
2963
3927
4329
135
4398
4396
1407
1699
875
3627
3187
997
4882
2120
1868
3790
2067
2997
2818
123
1185
790
174
2147
3249
428
4960
3332
4910
2888
1515
4225
1815
2196
4360
2565
1592
2120
4265
3820
747
2452
4817
1981
924
3038
2124
4343
1035
4942
819
2220
2084
993
719
1685
2773
679
18
2683
3567
1533
1908
1734
3730
2621
4300
322
4741
3565
494
1840
2369
1664
173
3293
4702
2297
3989
737
3591
4808
4309
675
801
1380
2361
4926
2060
2379
2609
1979
264
869
3714
3994
3490
4366
669
4583
4283
1163
2775
1652
2827
2949
1297
3881
1598
286
4618
190
94
279
865
2247
1660
4578
2173
3720
1957
4782
2051
2222
2004
765
2568
494
1483
3237
1430
766
753
4205
3770
4932
3506
68
3814
105
1706
4784
295
1801
64
2512
400
1724
2091
2574
1796
400
3708
3847
3974
712
965
1543
2559
2448
1132
341
4567
3237
898
3337
3170
4405
4757
1984
4510
1464
1768
1157
4617
3184
3669
17
4908
2112
3943
3056
2513
2652
3256
1487
4716
4221
3030
3627
3021
515
320
2588
3752
1219
2278
1922
624
2035
258
1486
3499
2027
2643
3116
211
2664
4486
1472
4777
3429
4528
2290
2433
4136
3777
3502
3357
3160
3481
2731
3675
3802
1671
2427
21
3949
4350
1997
985
960
3483
836
2987
1126
305
4551
3790
4791
2375
4919
3220
3255
2209
2006
2392
2339
508
2101
499
3989
4832
4174
2791
2856
2953
4164
1805
3655
1161
4142
4616
4644
1331
3955
2122
1636
3506
2265
1427
2233
2184
999
489
746
4357
2881
3085
4865
4982
3584
207
1167
4110
2998
4023
3415
3515
2180
2071
4676
2675
3039
673
4006
1994
2795
642
1853
1412
3421
4086
4949
772
927
695
130
3808
3780
1347
143
3716
1554
1310
4178
905
1685
2593
4420
3865
1016
448
2892
407
1121
1898
3754
269
3892
607
1681
3665
1045
1630
4438
1973
2325
920
781
2457
3619
2276
1173
174
4938
1703
2431
1623
649
3203
1841
3017
3651
4733
3425
4773
1632
2179
42
1876
4138
1723
542
183
4706
1332
3508
2031
3604
642
841
2223
2918
2014
3749
2857
70
2532
4480
719
735
2673
88
4387
2407
4865
4160
391
2044
554
2267
2534
2277
4161
2718
3335
1845
1226
367
449
3220
1208
4025
1139
4574
2774
3996
996
1659
4828
3067
2394
3854
3156
1781
1261
3021
2293
3004
1418
2847
1623
3952
1477
785
3022
4812
2630
601
179
4432
3821
2739
3457
4960
3666
2583
308
4662
4242
1489
2730
1637
343
886
4770
2956
259
2064
2312
1677
4911
3935
630
1388
1072
4
1201
55
605
2732
4487
4427
1824
2944
739
490
1879
1048
152
2474
3889
2882
4111
584
120
233
3540
380
2297
852
3409
3561
1139
391
4949
2212
396
2502
2267
1001
235
1754
1780
3411
1050
2520
3901
4281
4920
4053
1755
3809
3288
2218
4393
4760
2452
4285
1492
4749
1489
1254
4662
2628
1645
4612
4840
2041
3466
2107
4395
53
213
1175
3464
2615
47
2365
1897
1319
2771
3652
128
2411
871
873
2171
3323
1510
16
4424
2999
1270
4087
1980
2915
51
1820
1309
3517
280
2056
4923
1845
4583
3387
4461
4631
753
1358
950
4876
10
2431
2287
2233
4656
810
1908
2519
826
1333
1870
3448
1772
3850
2716
1823
2023
4025
1692
3655
1081
1615
500
664
1355
1313
1647
3460
4023
3950
3336
386
2733
1975
2619
2389
2785
4528
4908
4964
2213
3131
4764
3985
1981
2480
2160
4004
1505
204
4011
3938
1820
4512
955
4527
2177
2602
2987
1201
1552
1323
1587
4285
3298
4206
3027
2435
86
4287
3751
2299
2418
3516
2636
752
996
4796
1108
3854
1
120
2792
3173
984
99
2700
3161
2702
2039
4362
606
3362
949
1244
3012
1508
623
447
1594
1262
4199
3894
33
4067
1530
785
63
2679
1893
269
4032
2013
4414
3557
2997
4513
2609
2511
3567
4648
1873
4174
3010
4175
1770
2374
683
3745
2821
3629
7
3372
3875
40
2439
406
2177
3855
4437
4071
4124
3469
2436
3538
3378
1786
4404
987
4297
2971
635
2522
3497
4997
1697
267
2371
3732
364
1544
2362
1724
1269
2589
1764
3708
2995
3942
3915
3784
4365
4392
3605
1801
4282
1983
3587
3686
2970
4236
1658
4957
1759
155
4954
4808
1775
3677
4893
2139
222
2255
215
1491
1196
1980
1551
4192
2274
1819
4328
1639
1211
2934
4792
1845
4917
3380
532
4240
3968
2190
4197
727
3697
504
536
472
533
429
3964
2107
4036
4179
3598
232
2511
1502
776
1137
4673
105
2776
2236
4391
3921
4081
4308
3653
4613
3548
2621
3155
2746
3349
3205
4602
237
29
135
2018
3993
2243
2406
4525
2193
3990
3388
47
4767
4526
4720
1224
3654
1956
615
3927
2390
1275
2580
3355
4824
202
1511
3922
3551
4716
4876
140
4745
11
2158
91
3606
916
968
800
4906
708
2199
1025
1586
1920
2249
1593
228
4216
520
3970
1844
3101
2326
1668
3303
189
1942
3206
1257
3170
4698
2354
3181
3208
2445
3140
4124
4765
3940
4030
1826
1139
56
3412
4411
3657
5
992
-1
1878
4962
1070
4979
3640
4090
4634
3829
1032
2840
86
4202
2538
2441
3735
2098
1238
1875
1222
2356
2167
252
4182
4659
1660
3946
4070
1670
3952
1414
896
830
2729
1966
2161
1369
1056
1795
199
3440
987
1637
3994
4877
4078
2729
1975
1669
957
3197
4025
3124
4801
3207
2783
1462
3505
3206
3132
3809
972
380
991
3701
2346
3152
71
4754
4947
1622
3194
934
3259
2188
811
2338
1269
4138
359
2226
2335
4384
1703
2137
3943
4486
4951
2448
4044
4435
1258
17
4815
2249
3718
2161
1754
141
1915
3053
1763
1461
3988
23
3649
1151
3713
4918
290
4072
3497
3977
4808
200
1114
3751
1038
2417
2551
83
1852
161
1452
1667
2411
170
180
517
1664
3447
3570
3427
4908
3910
4802
4909
62
4867
1180
1704
3939
4677
2033
99
1229
4500
3850
2267
1917
2754
3702
122
2915
154
3141
1678
1677
3322
2195
3341
3121
766
3120
4382
4676
2923
643
1090
2790
1823
4146
3082
2852
1180
3181
4081
680
3384
2701
2597
1138
1403
4071
4053
2910
2213
732
4587
1887
2927
2928
1360
3693
1048
742
4722
323
1386
812
3114
4561
4959
2548
2414
1139
729
2847
3171
4113
548
2120
251
3304
1192
657
1214
3405
1389
801
292
668
81
1652
714
2481
3747
436
2805
1485
2600
2271
1046
2559
4819
3460
50
548
2660
3221
1014
3208
342
2617
1512
2886
3274
4078
1291
1015
4879
2935
3036
1312
939
3750
3794
1038
538
1599
2523
3138
222
3570
2050
41
3382
3452
1941
1042
3026
4307
4251
4720
1925
2115
2606
199
1194
3897
2567
2425
3184
603
3738
475
4353
2532
1514
1243
483
4037
733
705
2607
4135
2098
990
2588
391
2032
614
4699
2635
1686
1624
1103
4292
3175
2297
4541
742
1074
2725
2697
4812
3200
3402
2344
4714
4645
4179
104
1731
1236
2711
866
3334
53
3454
3726
3438
420
4777
2425
2106
1401
3528
2750
928
2177
2291
3023
3252
1368
720
3064
4569
4123
1761
635
120
940
2091
1851
2177
1155
2718
1863
1208
2524
1941
998
4297
1718
3424
2755
4471
1952
506
400
4130
4149
3423
2382
518
495
1798
1439
970
3559
3426
1091
852
518
4294
4381
1673
3364
1244
4233
889
3186
232
1538
1256
8
4293
728
3312
1151
2480
2442
301
2255
1176
819
2750
4327
3610
3721
2886
2036
1164
3738
2554
1810
3119
579
175
716
1165
2416
254
1397
3954
1510
2757
4599
3590
1069
751
1070
4864
1052
3325
2392
3223
2428
1719
1833
2501
4606
221
17
4696
4128
1827
4168
4707
3354
4884
872
770
1490
3621
1076
3000
1378
2028
1591
3800
2779
4013
3664
183
3691
2408
4758
1119
4128
2943
3620
86
3164
4989
4782
2292
1816
302
2000
171
1538
4224
2293
3028
4198
4722
1029
576
1750
3972
728
881
4337
744
1064
3028
3153
2174
499
2281
117
471
2367
3281
460
3501
574
2277
156
3926
3800
1694
4502
2445
4723
3700
3519
752
629
269
1076
1357
2502
413
2102
3566
4794
255
2092
293
3888
2209
765
2607
491
2577
2460
2417
4854
2616
1343
6
4311
845
3804
4034
898
2323
1138
1527
2593
3566
2884
1447
331
1338
14
125
2945
3458
1771
1833
668
3888
792
1159
1465
3253
3576
2672
2221
1271
4030
1532
3468
2834
1918
4366
158
4408
893
4103
2974
130
550
3306
1468
1916
4783
4414
375
1554
2599
1043
442
3392
3554
3260
2997
3482
932
218
1105
4962
3103
4573
2797
21
292
4307
4430
2537
3410
3756
2667
312
