2362
27
3690
59
2763
3926
540
3426
4172
736
211
368
2567
1429
782
1530
2862
123
4067
3135
3929
4802
4022
3058
3069
3167
1393
3456
11
3042
1229
2373
4421
4919
3784
3537
198
4324
3315
4370
1413
3526
1091
3980
4956
1873
1862
4170
1996
2281
2305
925
2084
1327
336
1505
846
1729
1313
857
1124
3895
4582
545
3814
3367
434
364
4043
3750
1087
1808
2276
2178
788
3584
403
2651
2754
2399
4932
60
4676
3368
2739
12
1226
3586
3094
2539
795
570
1434
378
2467
1601
97
2902
3317
492
1652
756
2301
280
4286
4441
3865
4689
3444
1619
3440
4729
3031
3117
3097
771
4481
675
709
3927
4567
2856
4497
2353
4586
1965
306
4683
1219
3624
1528
2871
732
3829
4503
19
3270
3368
4708
1715
1340
3149
2796
723
2618
2245
2846
3451
2921
3555
2379
2488
2764
3228
4841
2350
193
1500
2034
2764
124
4914
1987
856
3743
1491
2227
3365
4859
1936
1432
2551
1437
4228
3275
407
1474
1121
3858
4395
1029
1237
3235
3793
818
4428
1143
1011
928
4529
3776
2404
4443
763
4613
4538
3606
1840
2904
4818
128
688
2369
2917
4917
1996
3324
2743
4470
2183
3490
499
4772
1725
644
590
2505
3139
2954
4786
2669
3082
3542
3464
197
4507
4355
3804
1348
3611
3622
2828
4299
2343
746
568
4340
422
3311
3810
2605
1801
661
3730
4878
1305
4320
3736
4444
3626
3522
3465
1708
3416
3282
3258
2924
2637
2062
624
2600
2036
3452
1899
4379
550
2468
71
973
2131
3881
4930
3933
894
3660
163
2199
2981
3899
2996
2959
3773
2813
4668
2190
1095
2926
1466
84
1340
2090
2684
3376
542
936
4107
2445
4756
4179
3418
1887
4412
3348
2172
1659
2009
2336
210
1342
2587
3206
4301
2713
2372
321
1255
4819
4599
2721
4904
939
4811
3940
667
1705
1228
1127
4150
984
1658
3920
4224
2422
2269
1396
4081
630
84
4292
1972
2672
3850
2625
385
1222
4299
1640
1042
3898
713
2298
1190
524
2590
3209
3581
3819
4336
2732
1155
994
3004
379
4769
273
1776
3850
2255
1860
3142
579
884
1993
3205
2621
4567
2504
613
1961
2754
1326
4259
3944
3202
3202
-1
1784
2021
2842
868
4528
189
3872
4908
4958
498
3036
3808
2753
1248
3303
3333
2133
1648
2890
4754
2567
1746
368
4529
4500
3046
3788
4797
1249
1990
3303
3033
363
2497
253
4892
2686
4125
1152
3996
975
4188
4157
3729
436
2460
3414
3921
460
1304
28
3027
3050
1748
2556
3902
4794
2697
3699
1043
1039
2002
428
1403
4500
681
2647
3538
1159
151
2535
2134
4339
1692
2215
1127
504
629
49
964
3285
1429
343
1335
3177
2900
238
2971
1949
289
367
2988
2292
795
743
3144
2829
3390
1682
340
3541
569
3826
4232
2261
-1
360
4117
3023
1761
81
1309
3190
425
3996
1367
4677
4234
690
1626
4524
1057
4614
3168
3205
358
1312
2386
100
4346
2726
4994
4916
1552
578
3529
3946
2290
2647
1970
4051
4080
4631
3593
857
3627
1312
1886
4214
3355
3512
90
4412
4479
4610
3969
1189
2274
1355
2641
1620
433
3987
2888
3338
4566
2770
2284
1856
417
606
2260
849
237
2205
3059
217
3518
4945
783
1873
3458
873
2637
4289
483
1607
478
2757
4314
4471
729
1100
3459
3618
4438
3025
1388
3074
1233
3157
3681
3493
358
270
699
3417
1839
569
3363
2622
3794
3173
4847
1431
2462
1682
4390
4292
791
57
115
1521
1157
3574
1491
1947
2951
4231
21
537
3740
54
4030
4098
325
1081
2516
3516
3002
2231
1139
1796
404
2338
4580
4218
4021
3970
4862
4812
379
4977
2685
1536
4904
4176
3483
4207
4759
4857
4744
3499
4911
127
3950
236
2560
2818
105
563
49
1244
3711
1805
4934
3291
2375
3955
3614
3589
3768
3993
4918
2805
1882
4822
1982
1717
4030
3093
1574
126
1593
1486
253
543
3074
2814
4713
3179
3377
4762
775
2088
2919
710
1732
294
1017
346
235
1137
691
153
3943
2573
1328
925
4291
1710
4018
2217
1836
1963
55
2090
3858
3130
4904
3571
2661
4633
4685
4789
3073
2604
1851
4805
4250
2868
1503
4485
4006
2195
4639
2949
1120
967
226
1763
2677
596
3981
865
2560
4036
2955
2770
3518
4211
1342
2532
196
2379
2321
3270
4984
4172
4427
4234
2040
2283
72
2398
830
1063
347
1950
2030
573
3714
1059
2522
4047
1924
82
4435
1232
4204
2954
443
1898
486
640
4278
4159
262
4262
4683
1041
4848
1723
3324
1272
4122
4154
2335
821
2457
4365
2747
1171
1776
269
218
3701
1703
4653
4933
907
3959
1728
2806
797
3720
2084
1308
334
2698
991
1376
3898
2715
1052
171
3189
1559
2506
4010
4016
3224
3109
1539
10
3378
3109
53
81
4114
1338
989
4426
3067
147
223
1787
2231
1532
2122
1281
3875
4850
179
1590
2254
350
1131
3813
2857
1494
4181
1081
4603
720
2433
2982
181
2487
4415
4296
3825
404
3722
1892
551
297
32
4134
3181
3506
415
2057
4708
595
4999
1962
2297
2483
-1
154
3977
1309
2587
4932
3382
21
4266
3563
3860
3682
4211
2685
4086
4285
930
990
4583
2314
1476
4116
820
1892
2525
528
3839
2525
2490
1136
1360
4618
2643
337
928
1582
1621
4310
2955
888
4225
1815
4570
3437
853
8
2722
1783
2350
3657
4097
3827
4126
1269
2071
1651
3149
910
528
639
3398
1888
1610
2393
3577
3890
3976
199
4552
1931
1087
3777
99
657
3566
952
2017
2641
2735
4368
1298
3184
3195
1776
805
266
3428
3954
2528
308
4593
2278
2197
2555
4672
774
1445
10
2325
997
3283
3412
1127
3382
421
4693
4334
2439
2334
3421
3159
4985
2957
1354
1761
3762
2972
1541
2716
1852
1850
3662
482
399
1217
154
1173
4015
1506
4851
1364
4790
3263
2491
3172
37
3537
3859
3828
871
2280
1987
856
1590
3341
3970
352
2665
511
3069
4517
2361
3083
1351
4112
4300
1506
1638
4667
4364
1489
1032
4154
1104
4875
3679
1141
3412
2538
4969
636
1170
1956
2844
2760
1649
1814
4465
4314
2326
3886
183
1039
1969
1535
152
2621
4393
1790
2289
109
4631
4673
4264
735
4548
4295
1877
4313
1833
3198
4949
4355
155
2793
3468
3156
960
2933
3823
3286
3171
358
677
140
3245
2181
2761
3990
323
50
4100
4954
1075
3364
2042
624
2659
3919
1289
844
3469
1238
1551
4976
383
19
3133
1343
4304
1956
981
2475
3666
3011
3967
1912
192
1729
902
1868
3131
2
3174
4207
4718
216
1183
2377
487
2472
4573
3957
62
1125
3933
1797
2496
3418
3141
3153
1726
474
1980
393
3485
948
2305
30
4029
4559
1898
2160
4562
1424
2719
4280
1641
3902
3010
3480
2726
2583
3789
4140
3708
2723
938
2557
2493
431
710
4220
905
2690
4613
4391
3638
3270
4421
2667
2829
2671
1180
3743
4095
3899
3024
2088
4154
2386
569
3232
4969
710
2373
30
3433
4663
2587
2279
94
4649
1499
2351
2339
2464
1742
2330
2086
2515
1349
4915
186
3881
11
634
4133
4387
2722
3287
1773
4643
1519
1742
354
244
3124
139
1259
2063
2418
1353
1712
269
3705
404
2733
1799
2734
4819
4315
435
1087
853
669
2450
1487
4802
1837
562
3089
3610
205
960
1704
1911
2557
4829
3403
3816
1892
821
1522
3605
2443
1579
361
1528
3378
4447
2700
4045
4882
3787
4899
551
2589
1386
353
4426
1948
4794
3036
3506
2107
1092
417
4664
921
3820
3480
4166
994
1354
4123
3437
2933
4484
1317
1312
3931
4017
1709
165
4156
1608
2069
1745
2995
2422
1171
1295
3569
559
4801
676
1652
1571
340
3925
1743
172
3091
4089
1527
3566
3878
812
3050
196
2124
3333
4213
186
3499
3370
1794
568
115
1141
4342
2639
2437
4263
3198
3590
4939
1202
1513
1631
128
3257
1804
4571
2346
4683
3138
1225
495
2540
1421
3972
2226
634
4158
725
356
952
2645
472
3446
3339
3111
883
2603
2661
825
2542
216
2339
4174
344
596
2330
1267
4294
2013
757
519
3860
4650
3292
2832
1876
279
1990
3953
635
4295
1598
1107
2741
4937
570
-1
2540
4584
801
83
4800
4492
609
1496
1440
2939
2763
735
1304
4873
2606
164
4523
2251
4349
2751
2530
1339
1704
3165
1986
3302
625
1079
4591
2547
2407
3484
2131
4561
4919
1931
4053
528
3427
494
4819
2543
2581
1123
3768
187
2639
4643
2438
1988
2394
1320
4680
4098
4486
3018
3752
1463
4098
4695
4010
1505
3179
1142
1066
3098
4425
1472
4978
2853
1966
4797
1748
4547
2272
516
1086
4912
159
4877
1900
2553
1197
2932
3003
2035
951
3107
3498
49
4154
3861
2906
2334
3
325
1784
4428
1797
1763
3633
115
1560
381
1014
185
897
2100
97
2408
3329
3349
1313
879
2634
4316
2914
3585
3775
2765
4986
2930
1626
2892
1616
1629
4569
4752
2409
1366
1515
2395
2833
4428
2776
3847
4613
26
2300
1062
3786
629
763
100
1508
3397
4416
775
1982
4544
3540
3320
3826
1518
2565
1794
4499
2134
1546
1908
4853
3062
4303
2686
3842
3432
1534
4807
4810
3834
869
3596
815
2984
3696
2324
1382
4465
4451
4716
361
4343
3037
4187
861
602
981
360
4088
3879
3620
3941
3293
2924
1628
2135
2708
3162
1942
3870
1996
4163
2466
2811
3500
2515
1487
1234
3332
2290
950
3693
1633
339
2880
2494
2293
213
2854
1382
444
1475
323
3738
751
1951
873
-1
1465
4168
3681
4813
4683
2499
3977
4535
14
464
769
3346
4107
3072
3391
740
3411
2623
4587
2057
2836
3793
3439
3281
1620
114
3371
2371
3418
596
3534
4883
4764
3567
4697
800
1067
3674
335
2433
490
2457
2132
949
529
523
1690
292
3147
2629
2349
2335
1422
2140
1968
3043
2255
339
1766
2025
936
1653
3260
2052
220
2957
4204
1287
2983
4540
3721
4826
1997
2205
2127
3878
2728
169
4170
2227
2798
1520
4563
4221
3660
2883
3616
2267
3223
382
4292
511
2035
2553
2563
3608
1862
1768
4895
1198
2660
4968
2376
1009
2173
4503
4887
1254
4673
4057
3481
3823
1929
4396
3044
1942
2280
3012
4209
1855
4747
4854
2366
3134
3759
1281
1742
1973
4401
1638
3171
3413
2958
1899
4422
1484
2755
661
4090
3780
1071
3923
2603
3000
3320
2000
4942
1952
12
504
3807
4759
358
2525
2894
4117
158
4636
1090
4560
2626
614
2973
1937
3865
3748
3421
1620
4409
3863
400
1832
2786
3004
4833
2458
1356
1127
4410
1368
1631
4569
1128
3341
3446
374
2458
3605
10
4901
3165
3989
1867
2490
926
732
1238
699
3705
2000
4562
457
3832
2348
3461
17
4807
1169
2497
569
2538
4128
139
18
2470
3585
392
1280
3542
1754
2533
1707
743
4400
550
3021
1485
1788
3720
190
140
4634
647
325
1983
461
1694
3142
1630
4191
63
520
3320
1554
538
2142
1492
930
3422
34
2685
2308
3094
4780
1708
3644
2802
4545
1784
1522
1087
1925
1157
1735
3602
-1
3548
296
3986
1530
840
4049
2051
512
1956
2589
2654
3448
4872
2428
3482
2557
1088
1576
2337
2797
220
139
3694
2005
3014
4782
282
523
2869
236
15
1417
1884
353
4299
2724
754
1350
3236
2710
292
2242
1158
164
1023
4641
2721
2111
2569
1410
1260
2790
2902
4955
1147
916
1089
2781
1439
3958
3017
2806
375
4901
4511
4674
3978
265
2377
3566
2976
2669
2161
4134
2833
4536
127
1906
2999
2697
3316
4260
1839
2570
567
2986
3486
3008
767
1277
1966
136
435
3693
37
4946
4719
367
212
2096
3934
4540
1117
1095
3674
3950
631
3802
2208
3630
2851
525
4242
4690
4447
1161
2676
2934
4169
4795
563
1135
4931
2351
1180
1320
2297
900
1688
3861
2996
1974
3401
4114
3069
3428
4416
52
3582
1625
3682
1433
3502
4277
1123
2949
1790
151
2235
960
4946
2799
3447
1229
1502
4628
2549
3799
528
589
4013
4876
2563
3766
3990
1984
2194
4759
2036
776
1384
2071
2209
1238
2700
4684
539
4490
4835
2775
450
4781
1926
250
2362
3428
4878
1264
3579
1758
1853
3944
1634
769
2711
1977
4105
1257
1736
1142
2034
4472
4565
595
710
2265
1632
1249
3107
1467
376
3558
2601
2302
160
4963
2082
38
1227
2014
1796
4433
958
3430
1554
3669
407
659
4927
3495
1801
3313
2967
2718
260
29
1335
1892
2631
4443
4712
3007
4353
2313
1662
4513
3628
96
4551
4856
2110
2699
641
3069
2481
2195
3090
2889
2854
4369
2736
1008
2682
704
3726
4295
733
1414
1187
3364
857
2251
2724
210
4564
738
4723
3193
834
626
4401
2945
3325
1394
2366
806
3589
456
47
2795
4826
2784
3803
3860
4840
3882
3155
573
1648
695
290
2505
2946
4366
4067
3863
104
3790
3408
2290
768
4161
235
4093
555
2601
1251
4144
4410
2651
3291
588
435
3447
4448
275
3681
3956
2200
329
4651
3842
2834
3949
4560
1901
4164
4664
2043
2572
1955
2811
1733
3542
3256
3640
2496
859
4136
3258
3510
2428
3846
297
875
3294
1924
4556
2250
4125
4885
3253
4319
4071
3555
3880
2324
2719
4896
4367
1644
3203
3530
4729
1746
1786
3370
594
2645
3858
3852
2508
1286
2698
2805
3513
2344
4730
4421
947
207
658
4200
878
4729
4107
4758
2053
3179
1007
2772
1175
4210
1302
904
2308
4440
626
2902
2086
4485
3106
946
2123
804
3751
637
4501
4833
1410
448
1392
2069
1000
2271
3150
108
3381
1556
3287
4388
4328
4462
4951
1983
1718
2259
1423
2345
1514
4861
3182
972
807
1657
3129
911
2294
2630
744
57
3078
2137
2126
4078
760
1628
4186
4141
3184
3825
4882
3865
4639
4833
848
1358
3444
3623
55
1310
3485
4589
2283
644
1246
412
1555
4893
3042
2300
4950
1120
789
3428
1550
1549
56
737
2042
3241
914
1924
3458
554
3109
658
3264
1554
4281
3319
4216
4118
4260
1499
4763
506
3263
1318
399
1305
4970
1701
3777
2111
129
328
12
186
2417
2055
4779
4683
3979
4589
237
2089
247
4853
4995
880
4524
4211
4999
3784
711
1114
643
326
3784
1042
1632
107
4096
1761
2218
4225
3441
2231
763
2210
4286
1894
1894
4617
2835
3483
3058
3082
3337
3053
315
4213
3617
314
2998
680
2780
3641
1006
1564
1035
2638
3023
131
752
242
709
545
3825
2824
2756
4463
1071
1002
4080
3906
4485
3491
1989
4174
1544
3656
3388
161
3970
2738
841
3102
1379
1848
1018
3766
838
4042
250
2942
4284
959
3488
4461
135
2596
3924
1206
3598
4356
113
4435
2847
3454
4962
744
2110
4702
2257
2432
2440
4451
1886
171
1299
2904
289
3489
1946
539
2784
2582
2850
1272
2043
2986
3868
2319
4192
3818
1676
657
3253
875
463
3215
1619
3925
4269
3877
2709
1709
4680
4595
3232
2331
2500
3522
820
4446
413
4956
2029
3264
1228
424
1250
1448
2744
1794
1618
772
3804
4872
1647
4267
4439
4619
3193
3709
4848
2254
1770
4528
1850
1355
1859
4350
1229
4031
148
1642
3988
2177
4906
1568
3954
2508
4369
1698
4303
987
2470
3107
2211
469
3726
3003
1440
3271
3064
1288
526
1186
816
2376
2541
4027
3078
122
3059
3226
1765
3399
404
3023
4967
4358
532
688
2408
1187
1676
1230
4294
239
3051
4372
3242
4492
2644
1306
780
4522
2493
2949
1898
1386
3328
4976
1509
1387
3202
4626
1138
4958
2649
2458
668
3181
3146
4428
720
1174
658
14
1414
62
739
4656
4554
4735
2315
334
4257
1160
4635
2507
2546
2964
2483
4055
703
2037
33
1842
3348
2683
4300
368
2216
2446
1149
2937
3621
3159
4303
1387
3221
42
1043
2775
4777
4710
4462
386
870
4097
2893
3417
2061
1728
3824
4117
3766
3858
959
3466
2893
259
186
109
4057
1335
3046
4030
4495
3702
417
2716
96
2813
492
4874
2523
1306
260
3394
403
4506
3163
3817
1234
3339
2934
1352
3549
3893
4818
1442
504
5
2904
913
-1
2302
4944
2187
1004
361
1256
1101
4526
1748
2327
2050
3054
3939
1796
4809
-1
1311
3626
4680
1002
2912
1032
4552
3157
2203
2346
3661
3560
250
927
1252
2553
871
3440
3557
2584
1048
1010
2111
4148
3337
513
3554
2277
3661
3363
2074
1324
3342
1754
2326
1254
4139
1878
764
1342
4225
777
4902
827
1704
1154
3380
2575
946
3290
160
1994
4300
3623
1142
3990
488
4696
2619
4149
4412
4693
1825
2754
1448
4151
360
587
2382
1124
1929
2959
1902
3183
3786
3606
4337
2167
2534
1636
1809
4046
3630
1109
2669
1125
1451
3157
2173
4070
3658
1585
3764
483
4339
1564
986
1052
3503
3368
2176
432
1327
430
4967
1466
4037
4304
3633
1571
2292
1794
617
2275
4255
4638
3400
707
4147
573
4777
4157
2159
4893
992
2850
1457
1978
3902
4960
347
2431
1744
3026
2861
1711
4492
1898
2368
4477
4821
4660
1271
1790
3287
1879
2780
1687
2586
3279
3613
2363
2436
2124
3609
3428
4974
66
1759
229
27
3458
2660
1771
1484
1873
4835
2329
124
2203
3158
4945
3215
782
3088
1503
2661
868
4542
247
500
3155
3962
2936
1631
2571
2717
2958
2638
4476
3187
4017
2934
2199
2140
770
4072
3327
4451
4196
1882
2610
494
98
3392
3582
2953
1053
802
3847
2652
2654
3355
1614
591
4986
538
4660
2944
4528
488
2483
3545
3422
1034
2037
544
107
365
4996
655
2247
2606
1149
3697
2350
1083
3002
3403
3238
1850
1055
892
205
4021
2835
191
911
2495
4488
439
2983
3323
336
2757
4358
3726
3302
4465
4091
4650
120
2690
3608
2622
1388
958
57
4390
4361
3295
1240
1768
540
2797
2141
3375
4341
3053
2223
3829
4844
1558
2152
1533
4316
1510
259
3970
2327
4350
4972
3800
2040
3580
2774
4780
4538
2831
4171
3899
2479
1763
2019
3019
4561
512
2746
254
4917
4969
4083
4762
1528
2587
1295
2196
450
1554
1166
4129
2256
1138
2929
4296
4718
2055
429
608
4887
4600
4507
3718
2715
2878
1737
3628
3390
835
3882
3308
805
4317
4422
3685
3257
2069
881
3707
3623
3399
2836
879
889
2118
1527
607
4173
1956
1215
412
2908
2074
4130
1976
1304
2219
1956
1046
3055
839
706
212
1508
128
3897
4765
2197
1130
3472
2172
4529
2661
4403
418
1131
2283
2377
1656
591
4944
2069
4852
3370
2551
1828
1026
1123
3784
2072
530
975
2779
2094
2484
4259
991
2249
2809
3473
2074
4981
3002
4735
737
4772
866
3020
3501
3874
3611
3445
943
4815
3167
4847
1643
4193
2322
1780
2617
4204
4107
396
1298
1591
1008
2289
193
3817
762
2267
150
116
3354
887
1240
572
259
4741
4446
223
4538
1742
38
2705
1589
1682
3250
263
4814
867
4467
3921
2616
765
1865
3624
4406
2058
2441
1520
4325
2591
2988
2679
4831
4228
3251
90
3969
2697
313
4859
791
352
3916
3732
3386
2166
3995
3200
4385
4814
3473
2001
579
338
1977
1337
2396
4418
2857
3073
3362
845
2104
3193
1425
1707
4635
1746
4405
4949
1605
1548
1653
1873
281
39
4039
4276
4591
4777
4091
3064
3130
1022
4755
108
2360
2151
4526
1569
1577
4240
2415
3681
2433
192
389
-1
1939
1146
3370
4896
2694
23
1770
2975
1414
2161
3604
1005
1938
2695
421
69
69
176
177
2429
3680
1055
3999
257
296
2766
3938
4081
2958
679
2502
1249
1825
2224
1146
872
2247
2916
3847
3661
77
2451
1018
2016
1498
1440
3437
1568
1616
4966
349
296
1021
4348
1905
2669
3466
2196
1751
2777
2875
605
4026
1053
2830
172
1925
1429
3088
772
1443
4518
4576
2461
2886
2426
3901
1323
3994
1870
1289
696
3518
3662
1396
424
1332
4863
2620
4435
2640
1847
1392
3018
2900
4222
4543
4825
2004
3983
1950
3447
3501
2878
908
1387
304
1162
4062
651
3032
351
1347
2902
366
2743
3326
3050
3958
2298
3837
2950
498
229
969
3398
804
512
4576
2808
847
2878
1255
4349
2108
2163
736
3764
4677
1151
4415
2709
2854
2114
612
3220
1210
290
1270
168
3941
107
4471
4439
1689
440
4189
2493
2304
117
1653
3151
4347
2908
3852
1455
1423
941
1572
1101
2092
2339
162
4946
4454
2126
4519
2016
3769
789
2184
2710
2249
1655
3501
290
3447
4042
2783
2103
512
788
1607
1211
3696
1811
4019
1471
2752
591
3924
1196
2930
4087
1143
3736
2565
662
752
1334
2803
4289
396
1404
2296
3897
1694
2096
4292
829
4199
1156
1617
2158
2367
1665
322
1386
3137
3074
1977
2061
4271
4908
2500
1766
4996
66
3780
749
1400
2935
38
1797
4340
2334
2046
2386
4430
2690
3216
4982
3846
1185
3492
1214
2851
3814
3952
2340
3241
930
753
3864
2190
3254
630
2186
4672
762
4287
1072
3697
4325
4221
4389
1660
2620
1776
2442
310
4992
2424
509
2529
2269
3075
380
1083
2027
2720
4324
4309
3474
3188
1499
3080
170
38
2752
932
4325
176
982
3651
4398
371
1663
3370
2147
457
32
3491
4234
541
1021
1503
3616
2753
3938
1996
1826
3263
1305
1652
2803
4157
4732
4326
4195
3836
258
3520
4012
2592
3523
4762
2964
1538
3132
1463
3348
3165
1307
2582
58
2328
437
27
1433
4375
2023
3259
3990
3328
4911
3146
2485
995
2472
3032
4831
4082
2905
196
1675
1428
4958
4639
4319
4443
2454
2667
3960
3761
1601
370
2441
2038
397
3875
1413
2420
3486
1756
2101
3398
4902
938
745
2374
323
1929
1456
3228
2125
3131
1008
3435
4122
1679
4230
1577
4346
3190
1690
947
4913
4132
4337
310
3007
751
4083
1493
2507
2536
1243
2409
4826
1989
1135
149
3918
2591
3377
2395
723
738
830
1197
2417
1413
2774
3116
955
4465
415
868
4949
4753
1179
2956
1856
1614
801
715
4150
3397
4476
3976
1738
611
4126
2008
3202
3855
4403
277
4593
1585
1475
2011
2998
601
127
306
1418
542
1174
1367
1647
2353
4323
3503
3967
1477
4218
4469
1226
3694
3446
2964
4305
3924
4972
3860
2779
727
4137
3725
3664
1964
736
3015
2566
2215
3321
3984
4109
4495
352
757
3201
1027
4260
3520
3856
4831
2990
82
3525
2788
3046
4183
1712
4370
3043
4491
1449
3532
3216
1466
497
304
4481
3063
3871
4154
3399
2981
1
3751
90
3202
1131
702
3075
4987
533
1065
70
411
205
4468
946
1917
191
3989
2760
2992
3873
2329
4458
4370
2633
291
3785
2857
797
3537
2190
799
2288
2280
353
4771
4334
3428
4759
1220
845
1181
2983
1050
2001
3929
4319
2192
4270
2080
1537
3143
4409
2347
3866
3394
2639
4003
2603
4788
2540
4793
587
1181
3425
941
952
4112
721
2063
332
1567
3244
3315
3969
246
2244
3289
3790
1514
1721
327
1009
1130
2675
4875
876
1666
231
3480
1454
2771
4625
2042
304
4403
4335
1257
3515
56
4672
3847
2975
2917
3514
1945
3163
758
1586
1953
3624
3307
2281
4633
789
1308
861
3017
2974
1092
2849
4428
215
2475
2822
1872
3230
2157
4481
1745
3566
4153
592
1541
2070
458
4838
1585
1216
1424
3539
1192
1083
2172
2177
1872
4832
3038
1242
2806
482
4091
3586
2050
2918
1409
3922
1148
4918
4755
4245
3484
3908
1189
1378
979
1647
1216
2564
4215
3993
2455
407
76
979
2585
3301
811
1975
895
4969
3810
4986
3556
2212
4257
1317
2486
1757
1235
2241
1003
1072
1149
2192
2450
3480
3840
18
2397
3055
4011
1204
4815
440
2184
2400
93
4347
727
988
4317
4537
974
2873
3101
1583
4190
587
3341
1777
2828
696
4201
330
2888
3003
3810
3080
3022
2559
1136
3385
3764
2303
177
2300
1055
270
1647
1782
1258
964
2672
3585
3837
773
168
4379
1361
4861
2509
4189
557
1710
4519
3446
1066
4682
2878
4088
2241
366
3825
2357
2669
4003
4657
3724
625
1305
507
1884
2269
4531
469
2459
304
1989
3190
1665
1851
2051
2207
2408
3762
3078
2206
4828
2760
85
268
1354
451
445
3711
3121
800
3369
1845
1426
1026
3704
4662
3295
3235
131
2106
3540
2120
1649
1557
323
3700
116
2732
3814
3195
1290
3642
2307
1375
262
13
3179
2060
77
1300
2860
3446
4497
638
824
4554
300
471
2789
431
2578
2681
3904
579
591
4227
4279
707
3311
3094
254
4602
3088
3914
2329
4703
279
508
1763
356
3160
975
154
4010
1614
978
3564
1914
1450
1353
3698
380
387
3954
959
978
4533
238
3037
2845
4684
4644
3799
2773
3558
1128
3828
3837
2989
591
546
1149
2918
700
159
4532
1679
3723
2799
3129
1429
1497
3509
1816
1803
820
4146
1336
1058
2183
533
2095
1827
4332
1220
1737
1813
48
1927
4802
1991
2473
2303
4909
4525
2463
4442
1204
2538
3593
685
319
1442
546
3487
3245
1366
2633
4581
3777
1169
115
872
4348
799
2092
2438
2612
2140
4365
2414
4131
3190
1070
392
2715
3533
1186
272
2423
4779
957
4095
1221
1504
2582
818
4222
1568
1752
2999
4089
3219
3871
4789
4018
2315
2227
2983
4455
2944
1749
4938
1134
2819
1683
202
2704
2869
474
128
2649
2783
4223
222
639
3157
2393
4862
4725
4145
4213
166
2364
4437
4956
2734
1752
2183
717
2560
1480
2467
3850
3966
286
533
4168
-1
3403
994
4471
2404
3778
46
3978
4417
4555
1371
4279
633
1868
3493
799
584
4282
755
3319
1034
4291
388
3594
771
4207
3797
1089
4494
4330
258
3837
4085
2604
4660
1489
1382
1058
1820
800
613
3191
1431
1246
1412
1276
2046
1996
558
4153
1667
2945
3444
2056
2891
567
1263
1688
3009
2109
1019
4619
2298
1456
2223
1958
4298
3606
3016
1118
758
4982
661
3541
1228
2073
4818
4626
4070
1728
3780
737
4673
3576
4145
2565
496
409
4253
3505
3870
1624
3124
1169
4433
347
3127
3731
305
2496
4849
1063
2478
510
957
58
3936
775
4685
4358
2503
3465
1447
3529
2041
593
1094
2537
2354
1699
2394
1224
4676
518
3745
4109
2218
3225
4192
2523
721
4041
4939
4551
903
896
4609
1191
3023
4294
549
1878
4111
1997
1759
1153
2590
2853
42
1296
905
3789
3872
1933
4307
2618
2394
2877
843
1586
1753
2916
1979
1692
2467
2882
3940
3428
4074
3315
2723
975
1545
1834
2972
3305
4339
1914
2510
734
3210
3415
4523
3435
1700
182
1053
4094
3060
1896
2032
4813
4812
4011
2857
3631
1894
3149
2059
2320
2816
1134
3295
4361
4321
2620
2666
12
886
177
746
449
4944
1621
3884
1645
3156
4937
2091
1216
3185
4124
2381
4349
4487
1590
2980
1381
1091
1391
53
3907
2526
4701
3268
1847
3673
2287
3211
4559
2464
310
8
3760
1931
244
1757
87
1533
3849
2655
4718
4325
1388
4067
3812
2978
3399
1546
4069
4791
2951
4328
3669
4004
2597
1868
2677
4884
79
3589
3700
389
4949
2460
3673
194
4218
112
1727
4419
4120
1446
96
508
1865
260
4839
1617
1806
260
1408
1110
4589
1429
114
3538
3297
2792
4774
4728
1381
3474
118
1330
2286
143
2876
2856
255
4604
3627
727
2402
75
1236
619
336
2427
2236
3494
2687
3644
4604
2276
73
4719
2166
4722
3863
1940
4451
1596
1766
921
4278
405
1064
2155
3261
2671
3111
3241
3399
513
3316
987
1132
4
3414
4721
3499
1101
3365
4455
4730
4791
526
1896
865
4389
3837
316
2337
603
2589
1616
1008
5
123
622
2677
4586
215
2428
1451
4883
3415
2583
4888
1829
3656
4739
4282
2022
4194
4012
3165
4721
909
382
462
4746
2051
2800
1701
4640
768
4062
4646
2243
1036
3675
1829
2603
1103
3280
2486
4518
2215
3726
2699
872
3465
1981
4246
2660
994
3763
2381
3255
4145
2843
4353
1196
1995
1054
2189
2763
1468
1835
1358
3856
510
3187
1459
2965
1467
3946
2483
3683
2672
1534
907
1138
3515
153
150
4509
3916
3883
2764
3061
3078
3469
610
74
4524
2799
4189
2344
4634
548
1201
1496
3735
2660
4461
1555
2958
3296
1590
631
4830
2497
3121
4697
2650
4623
559
2918
3506
4675
2331
1584
3145
2941
3010
2669
740
2200
1365
1726
4100
2566
4574
2835
227
387
742
4537
3683
2332
168
4865
4829
4641
4563
3831
4264
122
1749
2770
1149
4081
707
4294
2022
3717
3315
4115
917
4681
2193
17
2247
1768
4205
3826
2155
4947
3364
2191
3632
4884
2056
3461
878
2971
3645
142
4445
394
4265
595
827
4972
4889
4202
3689
3205
3317
959
2886
510
2328
1485
3630
2885
1664
786
4185
1380
2977
2817
1264
1385
2630
2142
709
1275
3637
154
3022
2902
2101
3849
4226
1991
3051
4267
1548
2720
226
786
4583
3907
2271
3213
1792
287
351
2329
1667
4680
146
2932
1066
2777
1426
3127
404
63
3281
3426
4317
1735
3628
3543
78
3031
2811
1626
2104
4389
2412
1687
3296
